Date: 2018-10-18 09:53:23.291118
Prototype: 1
Population: 4
Chromosome size: 3
Mutation: 5

Generation: 1
a = -3.600082811958769
b = 7.951095253243871
c = -0.2005582867786586
High score = 1

