Date: 2018-11-09 11:36:51.539996
Prototype: 1
Population: 4
Chromosome size: 3
Mutation: 5

Generation: 1
a = -9.519224905149663
b = 0.11106658649552337
c = -8.311960001601173
High score = 212

