Date: 2018-11-08 13:47:52.219309
Prototype: 1
Population: 4
Chromosome size: 3
Mutation: 5

Generation: 1
a = -0.9705537541111049
b = 6.411446198342393
c = -4.258093965539258
High score = 96

