Date: 2018-11-08 11:25:04.605667
Prototype: 1
Population: 2
Chromosome size: 3
Mutation: 5

Generation: 1
a = -2.7951712952505776
b = -9.424448177120082
c = 0.2895327762302351
High score = 40

Generation: 2
a = -2.7951712952505776
b = -9.424448177120082
c = 0.2895327762302351
High score = 103

Generation: 3
a = -2.7951712952505776
b = -9.424448177120082
c = 0.2895327762302351
High score = 74

