Date: 2018-11-09 11:34:23.815725
Prototype: 1
Population: 4
Chromosome size: 3
Mutation: 5

Generation: 1
a = -8.27638485485309
b = -6.748957157818987
c = 2.429232099911472
High score = 19

Generation: 2
a = -1.4101425473861777
b = -2.4831418515241115
c = -7.0765410757891605
High score = 198

Generation: 3
a = -1.4101425473861777
b = -2.4831418515241115
c = -7.0765410757891605
High score = 82

