Date: 2018-11-05 11:05:28.236893
Prototype: 1
Population: 32
Chromosome size: 3
Mutation: 5

Generation: 1
a = -8.007043189179354
b = 6.069956380329554
c = 4.569759708245435
High score = 185

Generation: 2
a = -4.416492177280473
b = 6.075918825769612
c = -2.4037762368815834
High score = 270

Generation: 3
a = -8.007043189179354
b = 6.069956380329554
c = 4.569759708245435
High score = 165

Generation: 4
a = -8.772274248383681
b = 2.889819143827472
c = -5.416279573939771
High score = 288

Generation: 5
a = -5.17759623076401
b = -3.2184551912604142
c = 0.7113345892400815
High score = 226

