Date: 2018-11-08 11:50:28.037072
Prototype: 1
Population: 2
Chromosome size: 3
Mutation: 5

Generation: 1
a = -2.1821177179365154
b = -5.07133619982355
c = 3.472040093731284
High score = 0

