Date: 2018-11-08 11:51:50.397388
Prototype: 1
Population: 2
Chromosome size: 3
Mutation: 5

Generation: 1
a = 5.701024449175776
b = 6.1278645870223905
c = -4.477245642852989
High score = 0

