Date: 2018-11-08 13:54:00.584734
Prototype: 1
Population: 4
Chromosome size: 3
Mutation: 5

Generation: 1
a = -8.806262933192691
b = -5.328535121820495
c = -4.806756002766832
High score = 56

Generation: 2
a = 5.442457317843326
b = 1.3033070278400576
c = -8.838805999669281
High score = 0

Generation: 3
a = 5.442457317843326
b = 0.29714254930118145
c = -8.838805999669281
High score = 0

Generation: 4
a = -2.5999203636600754
b = 1.3033070278400576
c = 7.695526203467253
High score = 0

Generation: 5
a = 5.442457317843326
b = 0.29714254930118145
c = -8.838805999669281
High score = 0

