Date: 2018-11-05 12:40:09.931240
Prototype: 1
Population: 32
Chromosome size: 3
Mutation: 5

Generation: 1
a = -6.870324413371494
b = -4.346784923886668
c = -9.292862873227495
High score = 173

