Date: 2018-11-08 11:44:03.006907
Prototype: 1
Population: 2
Chromosome size: 3
Mutation: 5

Generation: 1
a = 6.955793883569935
b = -3.7800631969052034
c = -2.2025769853057113
High score = 0

