Date: 2018-11-08 11:44:40.716534
Prototype: 1
Population: 2
Chromosome size: 3
Mutation: 5

Generation: 1
a = -8.907151497228245
b = 4.513227420800076
c = -8.218307608328582
High score = 50

