Date: 2018-11-05 12:56:22.508161
Prototype: 1
Population: 32
Chromosome size: 3
Mutation: 5

Generation: 1
a = -9.622337975902642
b = -0.36565077176070915
c = -2.417694486812911
High score = 186

