Date: 2018-11-08 11:45:27.667313
Prototype: 1
Population: 2
Chromosome size: 3
Mutation: 5

Generation: 1
a = -1.6684662575657132
b = -4.640156048276774
c = 1.6975700601049954
High score = 0

