Date: 2018-11-08 11:46:27.324287
Prototype: 1
Population: 2
Chromosome size: 3
Mutation: 5

Generation: 1
a = -3.9601173286968194
b = -3.440426794784555
c = -0.301010410607617
High score = 186

