Date: 2018-11-08 11:49:52.299817
Prototype: 1
Population: 2
Chromosome size: 3
Mutation: 5

Generation: 1
a = 2.6486307092037187
b = -2.365563595793403
c = -3.5295812100794794
High score = 0

