Date: 2018-10-16 16:14:20.713554
Prototype: 1
Population: 4
Chromosome size: 3
Mutation: 5

Generation: 1
a = -9.413967613242846
b = -6.776347562929401
c = -5.368789392700453
High score = 6

Generation: 2
a = -9.413967613242846
b = -6.776347562929401
c = -5.368789392700453
High score = 4

Generation: 3
a = -9.413967613242846
b = -6.776347562929401
c = -5.368789392700453
High score = 6

Generation: 4
a = -9.413967613242846
b = -6.776347562929401
c = -5.368789392700453
High score = 5

