Date: 2018-10-12 10:12:12.647441
Prototype: 1
Population: 4
Chromosome size: 3
Mutation: 5

Generation: 1
a = -1.4559830425124982
b = 8.08701581981438
c = -1.352176957223918
High score = 19

Generation: 2
a = -1.4559830425124982
b = 8.08701581981438
c = -1.352176957223918
High score = 17

Generation: 3
a = -1.4559830425124982
b = 8.08701581981438
c = -1.352176957223918
High score = 20

Generation: 4
a = -1.4559830425124982
b = 8.08701581981438
c = -1.352176957223918
High score = 10

Generation: 5
a = -1.4559830425124982
b = 8.08701581981438
c = -1.352176957223918
High score = 19

Generation: 6
a = -1.4559830425124982
b = 8.08701581981438
c = -1.352176957223918
High score = 15

Generation: 7
a = -1.4559830425124982
b = 8.08701581981438
c = -1.352176957223918
High score = 14

