Date: 2018-10-12 10:20:46.698932
Prototype: 1
Population: 4
Chromosome size: 3
Mutation: 5

Generation: 1
a = -7.258674694088281
b = -7.355134639952161
c = -1.6958131943056625
High score = 0

