Date: 2018-10-12 10:22:05.137138
Prototype: 1
Population: 4
Chromosome size: 3
Mutation: 5

Generation: 1
a = -4.204432654195182
b = 0.06508257395095463
c = -0.2563979163002177
High score = 0

