Date: 2018-10-12 10:22:30.214451
Prototype: 1
Population: 4
Chromosome size: 3
Mutation: 5

Generation: 1
a = -6.2236878640907545
b = 2.880680359340058
c = 0.3845242032007139
High score = 1

Generation: 2
a = -5.144308854559892
b = 2.880680359340058
c = 2.658232599043968
High score = 0

